Td  .F.
EXTENDED watcor.CH4.ord044
rotcst.CH4.ord044-mu6Z
CH4-ord044
9
.F. 0
NO
NO
NO
NO
NO
NO
NO
NO
NO
NO
1 1 2 
A1  E  T2  T2 
HO 
5
0.0d0 0.d0
HO 
5
0.0d0 0.d0
HO 
5
0.0d0 0.d0
HO 
5
0.0d0 0.d0
0 0 0 498  
4
1
1
0.0d0 0.0d0
1
2
0.0d0 0.0d0
1
3
0.0d0 0.0d0
1
4
0.0d0 0.0d0
0 0 0 0
4
1
1
0.0d0 0.0d0
1
2
0.0d0 0.0d0
1
3
0.0d0 0.0d0
1
4
0.0d0 0.0d0
0 0 0 0
4
1
1
0.0d0 0.0d0
1
2
0.0d0 0.0d0
1
3
0.0d0 0.0d0
1
4
0.0d0 0.0d0
0 0 0 0
4
1
1
0.0d0 0.0d0
1
2
0.0d0 0.0d0
1
3
0.0d0 0.0d0
1
4
0.0d0 0.0d0
0 0 0 0
4
1
1
0.0d0 0.0d0
1
2
0.0d0 0.0d0
1
3
0.0d0 0.0d0
1
4
0.0d0 0.0d0
0 0 0 0
4
1
1
0.0d0 0.0d0
1
2
0.0d0 0.0d0
1
3
0.0d0 0.0d0
1
4
0.0d0 0.0d0
0 0 0 0
4
1
1
0.0d0 0.0d0
1
2
0.0d0 0.0d0
1
3
0.0d0 0.0d0
1
4
0.0d0 0.0d0
0 0 0 0
3
2
1 3
0.0d0 0.0d0 48000.0d0
1
2   
0.0d0 14000.0d0
1
4 
0.0d0 14000.0d0
70 0 0
1
3
1 2 3  
0.0d0 0.0d0 0.0d0 4225.0d0
1196

0.0d0 0.0d0 0.0d0 12225.0d0
1196


IN
ord044-rotint
OUT
ord044-rotint1196
