C2V .T.
EXTENDED  watcor.field
norot
C2H4O
5
.T. 0
NO
NO
NO
NO
NO
NO
15 0 0 
A1 A1 A1 A1 A1 A2 A2 A2 B1 B1 B1 B1 B2 B2 B2
HO 
5
0.0d0 0.d0
HO 
5
0.0d0 0.d0
HO 
5
0.0d0 0.d0
HO 
5
0.0d0 0.d0
HO 
5
0.0d0 0.d0
HO 
5
0.0d0 0.d0
HO 
5
0.0d0 0.d0
HO 
5
0.0d0 0.d0
HO 
5
0.0d0 0.d0
HO 
5
0.0d0 0.d0
HO 
5
0.0d0 0.d0
HO 
5
0.0d0 0.d0
HO 
5
0.0d0 0.d0
HO 
5
0.0d0 0.d0
HO 
5
0.0d0 0.d0
0 0 0 0 0 0 0 0 0 0 0 0 0 0 0 
15
1
1
0.0 0.0
1
2
0.0 0.0
1
3
0.0 0.0
1
4
0.0 0.0
1
5
0.0 0.0
1
6
0.0 0.0
1
7
0.0 0.0
1
8
0.0 0.0
1
9
0.0 0.0
1
10
0.0 0.0
1
11
0.0 0.0
1
12
0.0 0.0
1
13
0.0 0.0
1
14
0.0 0.0
1
15
0.0 0.0
0 0 0 0 0 0 0 0 0 0 0 0 0 0 0 
15
1
1
0.0 0.0
1
2
0.0 0.0
1
3
0.0 0.0
1
4
0.0 0.0
1
5
0.0 0.0
1
6
0.0 0.0
1
7
0.0 0.0
1
8
0.0 0.0
1
9
0.0 0.0
1
10
0.0 0.0
1
11
0.0 0.0
1
12
0.0 0.0
1
13
0.0 0.0
1
14
0.0 0.0
1
15
0.0 0.0
0 0 0 0 0 0 0 0 0 0 0 0 0 0 0 
10
4
1  6  9  13
0.0 0.0 0.0 0.0 34072.0
1
2
0.0 0.0
3
3  5  12
0.0 0.0  0.0 17000.0
1
4
0.0 0.0
1
7
0.0 0.0
1
8
0.0 0.0
1
10
0.0 0.0
1
11
0.0 0.0
1
14
0.0 0.0
1
15
0.0 0.0
21 0 43 0 0 0 0 0 0 0 
8
3
1 7  10 
0.0 0.0 0.0 19464.0 
1
2
0.0 0.0
1
3  
0.0 0.0  
1
4
0.0 0.0
1
5
0.0 0.0
1
6
0.0 0.0
1
8
0.0 0.0
1
9
0.0 0.0
77 0 0 0 0 0 0 0 
1
8
1 2 3 4 5 6 7 8  
0.0 0.0 0.0 0.0 0.0 0.0 0.0 0.0  5000.0
0
