C3V  .F.
EXTENDED   new_wat.fluo_ord1
norot
CF3H
9
.F. 2
0.0d0 1000.0d0
3000.0d0 3500.0d0
NO
NO
NO
NO
NO
NO
NO
NO
NO
NO
3 3 0
A1 A1 A1 E  E  E
MOR
10
0.0d0 0.024209416100d0 1.81077d-1 
HO
4
0.0d0 0.0d0 
HO
4
0.0d0 0.0d0 
HO
6
0.0d0 0.0d0 
HO
4
0.0d0 0.0d0 
HO
6
0.0d0 0.0d0 
0 0 0 190 271 1333 
6
1
1
0.0 0.0
1
2
0.0 0.0
1
3
0.0 0.0
1
4
0.0 0.0
1
5
0.0 0.0
1
6
0.0 0.0
0 0 0 0 0 0
6
1
1
0.0 0.0
1
2
0.0 0.0
1
3
0.0 0.0
1
4
0.0 0.0
1
5
0.0 0.0
1
6
0.0 0.0
0 0 0 0 0 0
6
1
1
0.0 0.0
1
2
0.0 0.0
1
3
0.0 0.0
1
4
0.0 0.0
1
5
0.0 0.0
1
6
0.0 0.0
0 0 0 0 0 0
6
1
1
0.0 0.0
1
2
0.0 0.0
1
3
0.0 0.0
1
4
0.0 0.0
1
5
0.0 0.0
1
6
0.0 0.0
0 0 0 0 0 0
6
1
1
0.0 0.0
1
2
0.0 0.0
1
3
0.0 0.0
1
4
0.0 0.0
1
5
0.0 0.0
1
6
0.0 0.0
0 0 0 0 0 0
6
1
1
0.0 0.0
1
2
0.0 0.0
1
3
0.0 0.0
1
4
0.0 0.0
1
5
0.0 0.0
1
6
0.0 0.0
0 0 0 0 0 0
4
3
1 2 3
0.0 0.0 0.0 11400.0
1
4   
0.0 11400.0
1
5 
0.0 11400.0
1
6    
0.0 11400.0
0 0 0 0
4
1
1 
0.0 0.0
1
2   
0.0 0.0
1
3 
0.0 0.0
1
4    
0.0 0.0 
0 0 0 0
1
4
1 2 3 4  
0.0 0.0 0.0 0.0 4500.0
0
1
1 
0.0 1.0
0 0
1
2
1 2
0.0 0.0 8400.0
100


