C2V  .T.
EXTENDED   watcor.SO2_o10.cor
norot
SO2-example
8
.F. 0 
NO
NO
NO
NO
NO
NO
NO
NO
NO
3 0 0
A1 A1 B1 
KRA 
10
0.0d0 450000.d0 28.d0
TPT 
10
0.d0 0.092d0 118.d0
HO 
10
0.0d0 0.0d0
0 0 0 
3
1
1
0.0d0 0.0d0
1
2
0.0d0 0.0d0
1
3
0.0d0 0.0d0
0 0 0
3
1
1
0.0d0 0.0d0
1
2
0.0d0 0.0d0
1
3
0.0d0 0.0d0
0 0 0
3
1
1
0.0d0 0.0d0
1
2
0.0d0 0.0d0
1
3
0.0d0 0.0d0
0 0 0
3
1
1
0.0d0 0.0d0
1
2
0.0d0 0.0d0
1
3
0.0d0 0.0d0
0 0 0
3
1
1
0.0d0 0.0d0
1
2
0.0d0 0.0d0
1
3
0.0d0 0.0d0
0 0 0
3
1
1
0.0d0 0.0d0
1
2
0.0d0 0.0d0
1
3
0.0d0 0.0d0
0 0 0
2
2
1 3
0.0D0 0.0d0 40000.0d0
1
2
0.0d0 0.0d0
0 0
1
2
1 2
0.0d0 0.D0 20000.0d0
0 
